88
216 
195
23 
111
82
79
81
62
120
249
250
11
134
209
116
69
170
208
45
249
223
4
19
120
81
182
217
44
65
93
34
118
227
112
28
65
48
244
165
242
216
121
50
171
32
217
166
133
134
4
120
54
42
13
24
95
228
173
247
80
42
89
68
81
181
112
51
118
108
243
223
18
38
230
1
28
109
131
14
234
151
21
108
7
176
236
147
175
183
66
35
178
243
36
115
255
51
36
6
120
163
59
9
214
102
109
253
152
137
1
144
124
241
143
71
91
227
28
174
13
157
78
20
192
64
130
45
39
46
229
171
193
252
43
165
88
180
179
183
88
99
219
52
210
33
160
146
22
255
111
159
7
237
145
194
68
89
231
201
224
127
5
27
112
71
165
204
236
122
119
49
212
216
151
149
53
249
57
136
85
14
19
128
135
177
179
189
164
98
220
99
241
230
188
170
148
97
121
31
253
134
43
199
81
137
82
54
47
216
172
169
123
246
153
169
32
86
128
83
5
252
251
1